function (pixelCount) {
//  width = 12



//  map.push([1, 1])
//  map.push([2, 1])
//  map.push([3, 1])
//  map.push([4, 1])
//  map.push([5, 1])
//  map.push([6, 1])
//  map.push([7, 1])
  
  
  
//  for (i = 0; i < pixelCount; i++) {
//    y = Math.floor(i / width)
//    x = i % width
//    x = y % 2 == 1 ? width - 1 - x : x //zigzag
//    map.push([x, y])
//  }
  return map
}



  var map = [
    [1,1],[2,1],[3,1],[4,1],[5,1],[6,1],[7,1],[8,1],[9,1],[10,1],[11,1],[12,1],
    [1,2],[2,2],[3,2],[4,2],[5,2],[6,2],[7,2],[8,2],[9,2],[10,2],
    [1,3],[2,3],[3,3],[4,3],[5,3],[6,3],[7,3],[8,3],[9,3],[10,3],[11,3],
	
	[1,4],[2,4],[3,4],[4,4],[5,4],[6,4],[7,4],
	[1,5],[2,5],
	[1,6],[2,6],[3,6],[4,6],[5,6],[6,6],[7,6],[8,6],
	[1,7],
	[1,8],
	[1,9],[2,9],[3,9],[4,9],[5,9],[6,9],[7,9],[8,9],[9,9],	
  ]
  
  
var map = [
	[1,1,1],[1,2,1],[1,3,1],[2,1,1],[2,2,1],[2,3,1],
	[3,1,2],[3,2,2],[3,3,2],[4,1,2],[4,2,2],[4,3,2],
	[5,1,3],[5,2,3],[5,3,3],[6,1,3],
	[7,1,4],[6,2,4],[6,3,4],[8,1,4],[7,2,4],
	[9,1,5],[8,2,5],[7,3,5],[8,3,5],
	[10,1,6],[9,2,6],[9,3,6],
	[11,1,7],[10,2,7],[10,3,7],[12,1,7],[11,3,7],
	
	
	
	
	
	[1,4],[2,4],[3,4],[4,4],[5,4],[6,4],[7,4],
	[1,5],[2,5],
	[1,6],[2,6],[3,6],[4,6],[5,6],[6,6],[7,6],[8,6],
	[1,7],
	[1,8],
	[1,9],[2,9],[3,9],[4,9],[5,9],[6,9],[7,9],[8,9],[9,9],	
  ]
  
//LED Mapping - Code for Breadstick's LED PCB  
function (pixelCount) {
	var map = [
		[-8.3081,103.8418],
		[7.6919,103.8418],
		[24.1919,103.8418],
		[36.6919,103.8418],
		[50.6919,103.8418],
		[66.9419,103.8418],
		[81.4419,103.8418],
		[94.1919,103.8418],
		[109.1919,103.8418],
		[136.4419,103.8418],
		[152.6919,103.8418],
		[168.4419,103.8418],
		[-9.8081,83.8418],
		[7.6919,83.8418],
		[24.1919,83.8418],
		[34.9419,83.8418],
		[58.6919,83.8418],
		[81.4419,83.8418],
		[91.6919,83.8418],
		[109.1919,83.8418],
		[136.4419,83.8418],
		[160.6919,83.8418],
		[-9.8081,62.3418],
		[6.6919,62.3418],
		[24.1919,62.3418],
		[36.6919,62.3418],
		[58.6919,62.3418],
		[81.4419,62.3418],
		[109.1919,62.3418],
		[121.6919,62.3418],
		[136.4419,62.3418],
		[152.1919,62.3418],
		[168.4419,62.3418],
		[9.4419,46.3418],
		[47.4419,46.3418],
		[74.4419,46.3418],
		[89.9419,46.3418],
		[106.9419,46.3418],
		[123.6919,46.3418],
		[151.4419,46.3418],
		[-3.0581,39.5918],
		[58.9419,37.8418],
		[1.1919,26.8418],
		[12.4419,26.8418],
		[43.9419,26.8418],
		[74.4419,26.8418],
		[89.9419,26.8418],
		[106.9419,26.8418],
		[123.6919,26.8418],
		[151.4419,26.8418],
		[58.9419,15.3418],
		[-3.0581,10.8418],
		[11.9419,4.8418],
		[46.9419,4.8418],
		[74.4419,4.8418],
		[89.9419,4.8418],
		[106.9419,4.8418],
		[123.6919,4.8418],
		[136.6919,4.8418],
		[151.4419,4.8418],
		[163.6919,4.8418]	
	]
  return map
}